20150101	382014
20150102	345296
20150103	406769
20150104	328848
20150105	363454
20150106	384324
20150107	429653
20150108	450920
20150109	447947
20150110	515540
20150111	419629
20150112	396367
20150113	448517
20150114	442656
20150115	451186
20150116	478124
20150117	476827
20150118	427042
20150119	342795
20150120	405581
20150121	431486
20150122	452108
20150123	472440
20150124	460505
20150125	407579
20150126	230255
20150127	135500
20150128	380192
20150129	431985
20150130	483380
20150131	520067
20150201	423113
20150202	336849
20150203	421128
20150204	415624
20150205	459717
20150206	476995
20150207	485504
20150208	410477
20150209	381114
20150210	424564
20150211	447258
20150212	463682
20150213	486241
20150214	501397
20150215	459094
20150216	412835
20150217	394363
20150218	436607
20150219	477678
20150220	498957
20150221	455297
20150222	399059
20150223	431831
20150224	448513
20150225	444233
20150226	471732
20150227	487022
20150228	499637
20150301	385267
20150302	388548
20150303	397691
20150304	435759
20150305	366435
20150306	446842
20150307	504246
20150308	411917
20150309	392009
20150310	413949
20150311	428366
20150312	461719
20150313	476936
20150314	496525
20150315	418778
20150316	374820
20150317	413376
20150318	452981
20150319	451904
20150320	458225
20150321	468108
20150322	429016
20150323	390353
20150324	412152
20150325	427026
20150326	427632
20150327	465493
20150328	510351
20150329	424267
20150330	391004
20150331	429914
20150401	440246
20150402	444300
20150403	444077
20150404	440170
20150405	377462
20150406	375754
20150407	425909
20150408	443492
20150409	460476
20150410	468077
20150411	473730
20150412	407342
20150413	377158
20150414	411892
20150415	427092
20150416	452157
20150417	469283
20150418	500928
20150419	445785
20150420	397259
20150421	426137
20150422	432491
20150423	463486
20150424	474068
20150425	489474
20150426	424608
20150427	393526
20150428	411771
20150429	427507
20150430	446132
20150501	461547
20150502	507619
20150503	434789
20150504	390266
20150505	432452
20150506	444948
20150507	442222
20150508	449009
20150509	469017
20150510	405427
20150511	395280
20150512	424512
20150513	439371
20150514	439936
20150515	457541
20150516	479580
20150517	423198
20150518	403641
20150519	432943
20150520	441232
20150521	446819
20150522	419629
20150523	383363
20150524	336652
20150525	301706
20150526	387134
20150527	415919
20150528	432112
20150529	441299
20150530	451080
20150531	368019
20150601	400833
20150602	419994
20150603	425776
20150604	444543
20150605	451185
20150606	449804
20150607	402188
20150608	391087
20150609	409188
20150610	424356
20150611	439869
20150612	443026
20150613	428004
20150614	382037
20150615	374858
20150616	400518
20150617	425743
20150618	429386
20150619	436303
20150620	413866
20150621	366158
20150622	374849
20150623	406139
20150624	411370
20150625	419739
20150626	425774
20150627	445861
20150628	348433
20150629	359808
20150630	374240
20150701	390084
20150702	365953
20150703	304176
20150704	254353
20150705	275555
20150706	315526
20150707	367579
20150708	393186
20150709	405656
20150710	401014
20150711	407202
20150712	364211
20150713	350162
20150714	385566
20150715	404755
20150716	400140
20150717	365045
20150718	403824
20150719	395475
20150720	374211
20150721	375036
20150722	392078
20150723	404102
20150724	403878
20150725	387034
20150726	349537
20150727	348629
20150728	384234
20150729	405923
20150730	390844
20150731	397815
20150801	389728
20150802	348541
20150803	348819
20150804	376465
20150805	391642
20150806	391002
20150807	386930
20150808	363549
20150809	317615
20150810	321006
20150811	357209
20150812	370323
20150813	380992
20150814	377925
20150815	370379
20150816	335299
20150817	338247
20150818	370681
20150819	380357
20150820	388317
20150821	381052
20150822	357435
20150823	316240
20150824	317591
20150825	346943
20150826	356497
20150827	368367
20150828	367124
20150829	359028
20150830	332559
20150831	322442
20150901	352785
20150902	368359
20150903	378290
20150904	362215
20150905	331641
20150906	300961
20150907	284320
20150908	374896
20150909	396662
20150910	401271
20150911	411777
20150912	433864
20150913	382996
20150914	345874
20150915	377652
20150916	400429
20150917	410912
20150918	428139
20150919	442543
20150920	393050
20150921	359066
20150922	367802
20150923	358590
20150924	324746
20150925	365190
20150926	427332
20150927	378594
20150928	323275
20150929	360478
20150930	381354
20151001	394043
20151002	414289
20151003	412691
20151004	365206
20151005	344810
20151006	374278
20151007	390959
20151008	407578
20151009	402648
20151010	432672
20151011	378262
20151012	328405
20151013	379473
20151014	392801
20151015	407496
20151016	430414
20151017	459236
20151018	400212
20151019	366862
20151020	377804
20151021	389756
20151022	410692
20151023	428675
20151024	436244
20151025	390337
20151026	356914
20151027	381755
20151028	386939
20151029	403670
20151030	428785
20151031	441582
20151101	390105
20151102	348560
20151103	364999
20151104	384089
20151105	402181
20151106	419288
20151107	443933
20151108	392409
20151109	352729
20151110	378051
20151111	372002
20151112	406649
20151113	427717
20151114	446987
20151115	381213
20151116	347615
20151117	384488
20151118	391321
20151119	394591
20151120	422421
20151121	439304
20151122	376593
20151123	366012
20151124	377950
20151125	358723
20151126	242393
20151127	275078
20151128	344527
20151129	333746
20151130	347002
20151201	374390
20151202	379756
20151203	414005
20151204	431007
20151205	451092
20151206	398882
20151207	371715
20151208	382226
20151209	391440
20151210	406176
20151211	427829
20151212	439266
20151213	377073
20151214	370299
20151215	396958
20151216	417643
20151217	418508
20151218	458701
20151219	460986
20151220	385155
20151221	347282
20151222	355205
20151223	339355
20151224	297167
20151225	188254
20151226	238646
20151227	268841
20151228	301398
20151229	311730
20151230	319649
20151231	339939
