20150101,381883,690168,1235935.76,492988.7,5844743.51997,Cloud	
20150102,345185,606496,13018416.46,438643.77,5127087.49998,Cloud	
20150103,406651,721898,6798941.56,520283.78,5739093.74997,Rain	
20150103,406651,721898,6798941.56,520283.78,5739093.74997,Cloud	
20150103,406651,721898,6798941.56,520283.78,5739093.74997,Snow	
20150104,328737,565502,7317775.53,494414.72,5106133.99998,Rain	
20150104,328737,565502,7317775.53,494414.72,5106133.99998,Dust	
20150104,328737,565502,7317775.53,494414.72,5106133.99998,Cloud	
20150105,363355,600568,1238921.53,551382.95,5527159.19998,Cloud	
20150105,363355,600568,1238921.53,551382.95,5527159.19998,Rain	
20150106,384190,632226,1044264.06,582400.96,5673597.70998,Snow	
20150107,429526,707273,1129511.79,644392.51,6179819.51997,Cloud	
20150108,450766,745498,1192464.93,700302.45,6599022.05997,Cloud	
20150109,447799,747073,31481563.94,702516.63,6710682.54997,Cloud	
20150109,447799,747073,31481563.94,702516.63,6710682.54997,Shower	
20150109,447799,747073,31481563.94,702516.63,6710682.54997,Snow	
20150110,515371,892736,2997292.04,727056.02,7179380.83996,Cloud	
20150111,419485,718765,29317806.74,645525.84,6219680.52997,Cloud	
20150112,396250,647993,1108185.28,639645.12,5961865.79997,Rain	
20150112,396250,647993,1108185.28,639645.12,5961865.79997,Cloud	
20150113,448407,734629,1197747.21,737487.3,6705189.13997,Rain	
20150114,442511,724434,1213638.75,741586.6,6692310.84997,Cloud	
20150115,451060,740149,1266684.28,765801.34,6969722.43997,Cloud	
20150116,477965,795108,1337146.54,766861.83,7253413.76996,Cloud	
20150117,476651,828920,1272300.33,660961.06,6651146.48997,Cloud	
20150118,426883,742939,1210713.97,4556643.32,10002945.51,Rain	
20150118,426883,742939,1210713.97,4556643.32,10002945.51,Cloud	
20150119,342685,575265,1061149.8,546366.04,5169119.31998,Dust	
20150119,342685,575265,1061149.8,546366.04,5169119.31998,Rain	
20150119,342685,575265,1061149.8,546366.04,5169119.31998,Cloud	
20150120,405445,660752,1129992.63,673813.86,6154535.76997,Snow	
20150121,431367,704066,5027659.6,719210.47,6450600.89997,Cloud	
20150122,451986,739435,9714067.18,772787.08,6897790.64997,Snow	
20150123,472302,782424,31510775.76,782685.86,7206681.22997,Cloud	
20150124,460342,798471,4525261.93,654670.99,6298126.05997,Dust	
20150124,460342,798471,4525261.93,654670.99,6298126.05997,Rain	
20150124,460342,798471,4525261.93,654670.99,6298126.05997,Cloud	
20150124,460342,798471,4525261.93,654670.99,6298126.05997,Snow	
20150125,407445,694176,2804461.29,642990.04,6082135.52997,Cloud	
20150126,230176,375459,606250.2,359142.36,3386940.04999,Snow	
20150126,230176,375459,606250.2,359142.36,3386940.04999,Cloud	
20150127,135456,232036,301152.14,168644.84,1620588.64,Shower	
20150127,135456,232036,301152.14,168644.84,1620588.64,Snow	
20150127,135456,232036,301152.14,168644.84,1620588.64,Cloud	
20150128,380076,621527,1043580.17,635142.17,5786047.89998,Cloud	
20150129,431854,705166,1190657.91,755251.03,6836703.08997,Cloud	
20150130,483202,800464,1296434.09,795248.75,7352831.71996,Snow	
20150130,483202,800464,1296434.09,795248.75,7352831.71996,Cloud	
20150131,519877,897737,5998229.9,759933.89,7273359.00996,Cloud	
20150201,422937,727042,22121499.97,660848.22,6197419.65997,Cloud	
20150202,336745,557603,15866822.51,545543.95,5021153.41998,Dust	
20150202,336745,557603,15866822.51,545543.95,5021153.41998,Rain	
20150202,336745,557603,15866822.51,545543.95,5021153.41998,Cloud	
20150202,336745,557603,15866822.51,545543.95,5021153.41998,Snow	
20150203,420990,690003,15511193.79,762058.08,6804193.34997,Cloud	
20150204,415500,676675,1144958.27,750150.19,6664647.29997,Cloud	
20150205,459570,752030,9872517.79,811236.93,7241729.23997,Snow	
20150206,476847,788806,17815193.71,814826.2,7430601.82996,Cloud	
20150207,485311,836874,1284929.4,718411.15,6902167.21996,Snow	
20150208,410353,701796,2877311.65,651230.06,6130902.42997,Cloud	
20150209,381005,619190,21807646.65,615347.84,5561513.03998,Fog	
20150209,381005,619190,21807646.65,615347.84,5561513.03998,Snow	
20150209,381005,619190,21807646.65,615347.84,5561513.03998,Rain	
20150210,424427,690239,2170648.9,736452.27,6510575.58997,Snow	
20150210,424427,690239,2170648.9,736452.27,6510575.58997,Rain	
20150211,447111,729188,8772304.39,800516.7,7033425.15997,Cloud	
20150212,463528,761681,7189452.68,842439.25,7475985.14997,Snow	
20150213,486067,808524,36157916.13,879401.99,8145171.21996,Cloud	
20150214,501219,870674,1390915.84,746347.38,7424493.78996,Snow	
20150215,458928,796592,2136277.52,663714.49,6624379.17997,Shower	
20150215,458928,796592,2136277.52,663714.49,6624379.17997,Snow	
20150216,412683,697319,1285951.42,644978.08,6126765.78997,Cloud	
20150217,394250,658642,8145273.35,673407.75,6186771.40997,Snow	
20150218,436485,720607,1220730.23,744820.8,6819605.46997,Cloud	
20150219,477529,786049,3045629.88,809100.58,7356324.45997,Snow	
20150220,498793,828642,8308831.78,819075.3,7924031.39996,Cloud	
20150221,455117,787683,1215024.36,685508.79,6640641.96997,Snow	
20150221,455117,787683,1215024.36,685508.79,6640641.96997,Cloud	
20150222,398912,682050,16761864.79,657210.69,6201289.85997,Rain	
20150222,398912,682050,16761864.79,657210.69,6201289.85997,Snow	
20150222,398912,682050,16761864.79,657210.69,6201289.85997,Cloud	
20150223,431690,710066,2899228.27,745726.28,6737708.00997,Cloud	
20150224,448369,731629,1215689.9,774773.91,7102272.19997,Cloud	
20150225,444113,727945,1249448.13,794049.43,7026107.48997,Cloud	
20150226,471593,769951,1336449.17,847604.42,7501815.15997,Snow	
20150227,486831,809418,1882850.98,837545.7,7713802.98996,Cloud	
20150228,499452,863837,1359946.62,745603.33,7282780.52996,Cloud	
20150301,385103,660297,10961723.29,622171.76,6514343.97997,Dust	
20150301,385103,660297,10961723.29,622171.76,6514343.97997,Rain	
20150301,385103,660297,10961723.29,622171.76,6514343.97997,Snow	
20150301,385103,660297,10961723.29,622171.76,6514343.97997,Cloud	
20150302,388446,632385,10441923.31,699751.39,6350053.55997,Cloud	
20150302,388446,632385,10441923.31,699751.39,6350053.55997,Snow	
20150302,388446,632385,10441923.31,699751.39,6350053.55997,Rain	
20150303,397554,646196,9697603.53,711327.21,6424463.89997,Cloud	
20150303,397554,646196,9697603.53,711327.21,6424463.89997,Snow	
20150304,435637,712430,21476477.88,779520.9,6890832.57997,Rain	
20150304,435637,712430,21476477.88,779520.9,6890832.57997,Cloud	
20150305,366315,606492,9202448.49,597010.97,5445318.84998,Cloud	
20150305,366315,606492,9202448.49,597010.97,5445318.84998,Dust	
20150305,366315,606492,9202448.49,597010.97,5445318.84998,Rain	
20150305,366315,606492,9202448.49,597010.97,5445318.84998,Snow	
20150306,446676,746800,9661705.8,828404.82,7587167.42997,Snow	
20150307,504062,874120,17003293.15,764283.14,7470444.91996,Cloud	
20150308,411777,708092,4622946.28,673364.84,6564017.86997,Snow	
20150309,391895,643520,6131001.01,678821.23,6330608.31997,Rain	
20150310,413812,676780,23040125.61,738559.56,6708740.57997,Rain	
20150310,413812,676780,23040125.61,738559.56,6708740.57997,Cloud	
20150311,428246,700717,12770654.42,771490.63,6903234.58997,Fog	
20150311,428246,700717,12770654.42,771490.63,6903234.58997,Dust	
20150311,428246,700717,12770654.42,771490.63,6903234.58997,Rain	
20150311,428246,700717,12770654.42,771490.63,6903234.58997,Cloud	
20150312,461571,758527,1345774.51,832602.84,7462329.64997,Cloud	
20150313,476759,795891,7715913.71,821785.01,7608465.78996,Cloud	
20150314,496317,860855,1362033.0,735405.7,7186151.37996,Dust	
20150314,496317,860855,1362033.0,735405.7,7186151.37996,Rain	
20150314,496317,860855,1362033.0,735405.7,7186151.37996,Cloud	
20150315,418629,719933,10088651.3,664064.75,6433056.43997,Rain	
20150316,374681,614950,16586421.66,654525.98,6088880.17997,Cloud	
20150317,413221,684126,1169026.54,690752.17,6434671.28997,Rain	
20150318,452840,745130,1285876.08,787707.27,7149527.14997,Snow	
20150319,451756,742534,1467183.41,810482.02,7313620.71997,Cloud	
20150320,458092,763966,1734440.82,761877.95,7067291.55997,Dust	
20150320,458092,763966,1734440.82,761877.95,7067291.55997,Cloud	
20150320,458092,763966,1734440.82,761877.95,7067291.55997,Snow	
20150321,467953,810315,3107001.17,711408.01,6975013.05997,Cloud	
20150321,467953,810315,3107001.17,711408.01,6975013.05997,Snow	
20150322,428866,736635,2506905.36,704076.63,7272152.72997,Cloud	
20150323,390238,641072,9179763.41,675676.81,6209015.86997,Cloud	
20150324,412019,673699,1176981.2,715245.68,6476569.76997,Cloud	
20150325,426872,699911,17724454.75,759017.87,6812556.14997,Rain	
20150326,427463,702719,1727354.71,778516.34,7045900.26997,Dust	
20150326,427463,702719,1727354.71,778516.34,7045900.26997,Rain	
20150326,427463,702719,1727354.71,778516.34,7045900.26997,Cloud	
20150327,465315,773888,1648310.71,808419.49,7496711.72997,Rain	
20150327,465315,773888,1648310.71,808419.49,7496711.72997,Cloud	
20150328,510182,885334,3109685.97,758954.42,7625079.20996,Snow	
20150329,424097,731096,2082554.25,691579.56,6714409.10997,Snow	
20150330,390885,642792,7471667.26,667948.2,6289249.62997,Snow	
20150330,390885,642792,7471667.26,667948.2,6289249.62997,Rain	
20150331,429766,707149,8128489.17,734885.95,6837634.24997,Rain	
20150401,440118,727785,60720935.04,758890.72,7030810.47997,Rain	
20150402,444160,738852,11643209.71,787205.92,7370921.97997,Cloud	
20150403,443915,758434,1288386.02,694529.48,6866521.73997,Dust	
20150403,443915,758434,1288386.02,694529.48,6866521.73997,Cloud	
20150403,443915,758434,1288386.02,694529.48,6866521.73997,Rain	
20150404,440037,775195,1206921.23,583519.37,6247505.18997,Cloud	
20150404,440037,775195,1206921.23,583519.37,6247505.18997,Dust	
20150404,440037,775195,1206921.23,583519.37,6247505.18997,Rain	
20150405,377330,660177,1274446.96,566396.83,5838704.12997,Cloud	
20150406,375621,625138,1165898.36,616885.58,6025956.65997,Cloud	
20150407,425789,705827,11270105.67,694365.7,6559622.67997,Rain	
20150408,443363,735872,17909023.29,745833.26,6954910.91997,Rain	
20150409,460329,766316,1310126.47,786737.67,7266557.50997,Cloud	
20150409,460329,766316,1310126.47,786737.67,7266557.50997,Rain	
20150410,467924,786024,12244431.49,768391.87,7322118.77996,Dust	
20150410,467924,786024,12244431.49,768391.87,7322118.77996,Cloud	
20150410,467924,786024,12244431.49,768391.87,7322118.77996,Rain	
20150411,473546,827365,1347532.52,718517.9,7212259.20996,Cloud	
20150412,407191,702939,5516849.51,667138.83,7183961.76997,Cloud	
20150413,377036,619500,9569451.34,644750.18,6280291.50997,Cloud	
20150414,411749,672972,1203090.8,717069.9,6543772.08997,Rain	
20150415,426961,700148,2623153.05,772760.93,7027365.72997,Cloud	
20150416,452039,740887,26517792.47,827678.01,7487759.81997,Cloud	
20150417,469127,781948,18377916.96,821833.17,7665544.19996,Rain	
20150417,469127,781948,18377916.96,821833.17,7665544.19996,Cloud	
20150418,500766,868853,17430668.03,785107.31,7756876.03996,Cloud	
20150419,445597,766074,6495009.85,742046.2,7171464.48997,Cloud	
20150420,397111,652932,40187536.35,678316.35,6294872.24997,Dust	
20150420,397111,652932,40187536.35,678316.35,6294872.24997,Rain	
20150420,397111,652932,40187536.35,678316.35,6294872.24997,Cloud	
20150421,426006,701112,11059340.32,769517.46,6975533.11997,Shower	
20150421,426006,701112,11059340.32,769517.46,6975533.11997,Dust	
20150421,426006,701112,11059340.32,769517.46,6975533.11997,Rain	
20150421,426006,701112,11059340.32,769517.46,6975533.11997,Cloud	
20150422,432362,707767,21550406.08,785645.51,7078019.66997,Shower	
20150422,432362,707767,21550406.08,785645.51,7078019.66997,Rain	
20150423,463325,765548,18880258.12,847737.78,7704964.84996,Cloud	
20150424,473919,791724,40434038.73,838075.96,7866181.86996,Cloud	
20150425,489296,846774,1557792.91,751801.04,7464640.91996,Cloud	
20150426,424478,725270,1906413.73,718072.1,6955817.89997,Cloud	
20150427,393391,643684,25625866.44,684471.79,6325872.70997,Cloud	
20150428,411635,674506,5880816.21,721802.11,6588190.06997,Cloud	
20150429,427366,703916,13497166.68,781119.81,7088823.35997,Cloud	
20150430,445973,732620,26747866.61,831144.39,7539927.22997,Cloud	
20150501,461369,773641,1521821.17,809280.64,7657580.62996,Cloud	
20150502,507429,879769,33380578.83,755181.79,7573948.69996,Cloud	
20150503,434612,748651,9430121.83,716283.63,7113929.64997,Cloud	
20150504,390154,642908,1218388.51,691137.36,6491511.36997,Cloud	
20150505,432286,714020,1262840.41,759959.06,6948150.76997,Cloud	
20150506,444810,733161,9636319.92,807342.21,7278477.97997,Rain	
20150507,442069,729072,1338944.25,829497.99,7533103.52997,Cloud	
20150508,448857,746887,1344482.93,797642.4,7476132.73997,Cloud	
20150508,448857,746887,1344482.93,797642.4,7476132.73997,Dust	
20150508,448857,746887,1344482.93,797642.4,7476132.73997,Fog	
20150509,468851,812462,1859014.59,710042.18,7109953.15996,Dust	
20150509,468851,812462,1859014.59,710042.18,7109953.15996,Fog	
20150509,468851,812462,1859014.59,710042.18,7109953.15996,Rain	
20150509,468851,812462,1859014.59,710042.18,7109953.15996,Cloud	
20150510,405277,699951,1333002.8,655258.51,6526773.28997,Dust	
20150510,405277,699951,1333002.8,655258.51,6526773.28997,Fog	
20150510,405277,699951,1333002.8,655258.51,6526773.28997,Cloud	
20150511,395151,654393,1229815.16,709413.6,6573876.31997,Dust	
20150511,395151,654393,1229815.16,709413.6,6573876.31997,Fog	
20150511,395151,654393,1229815.16,709413.6,6573876.31997,Cloud	
20150512,424374,697738,1259157.46,774370.87,7065555.74997,Dust	
20150512,424374,697738,1259157.46,774370.87,7065555.74997,Rain	
20150512,424374,697738,1259157.46,774370.87,7065555.74997,Cloud	
20150513,439216,725406,1323841.81,829232.04,7495484.88997,Cloud	
20150514,439790,731677,2838675.02,857504.63,7791514.91997,Cloud	
20150515,457369,767355,1449023.31,840776.61,7895959.11996,Cloud	
20150516,479420,834894,13742366.11,776360.74,7712754.82996,Cloud	
20150516,479420,834894,13742366.11,776360.74,7712754.82996,Rain	
20150517,423023,727701,1435098.09,723709.68,7068527.16997,Dust	
20150517,423023,727701,1435098.09,723709.68,7068527.16997,Shower	
20150517,423023,727701,1435098.09,723709.68,7068527.16997,Rain	
20150517,423023,727701,1435098.09,723709.68,7068527.16997,Cloud	
20150518,403493,665800,1259718.46,713132.85,6723285.76997,Cloud	
20150519,432814,714045,15146720.39,796314.42,7308294.17997,Cloud	
20150519,432814,714045,15146720.39,796314.42,7308294.17997,Rain	
20150520,441087,732054,1412225.52,818364.22,7483703.25997,Cloud	
20150521,446677,743676,1350714.81,824533.88,7576190.41997,Cloud	
20150522,419476,708431,4297028.02,712921.14,6920309.12997,Rain	
20150523,383232,676898,8716765.37,533270.88,5779876.40997,Rain	
20150524,336538,597508,9884929.5,465421.49,5144595.46998,Cloud	
20150525,301592,524979,1728686.54,490317.62,4939916.82998,Cloud	
20150526,387002,640687,1187279.81,673326.95,6350867.19997,Cloud	
20150527,415777,686473,16263615.93,733349.8,6820794.79997,Cloud	
20150528,432002,714076,1305424.32,790029.37,7265269.94997,Cloud	
20150529,441174,738258,1311595.85,769566.89,7305574.08997,Cloud	
20150530,450924,783373,2412494.71,694736.7,6955590.94997,Dust	
20150530,450924,783373,2412494.71,694736.7,6955590.94997,Cloud	
20150531,367890,633162,27512506.51,642626.92,6302909.05997,Rain	
20150531,367890,633162,27512506.51,642626.92,6302909.05997,Shower	
20150601,400692,659964,2733344.69,723948.15,6697236.95997,Shower	
20150601,400692,659964,2733344.69,723948.15,6697236.95997,Rain	
20150601,400692,659964,2733344.69,723948.15,6697236.95997,Cloud	
20150602,419822,690233,4836574.44,770560.82,6956840.39997,Rain	
20150602,419822,690233,4836574.44,770560.82,6956840.39997,Cloud	
20150603,425631,701389,1245983.32,776412.33,7066172.87997,Rain	
20150604,444404,736766,10235995.51,814679.37,7493080.61997,Cloud	
20150605,451028,757538,26107542.22,794421.3,7491391.21997,Rain	
20150606,449630,784337,12744117.28,672354.85,6804338.53996,Cloud	
20150606,449630,784337,12744117.28,672354.85,6804338.53996,Rain	
20150607,402027,696737,9968014.74,675595.7,6639758.39997,Cloud	
20150608,390948,649732,2106260.22,692741.94,6484697.18997,Rain	
20150609,409041,675541,21646288.96,731937.78,6697665.51997,Rain	
20150609,409041,675541,21646288.96,731937.78,6697665.51997,Cloud	
20150610,424231,702193,7574895.34,776304.33,7045715.44997,Cloud	
20150611,439718,730373,2628307.63,812153.39,7386948.25997,Cloud	
20150612,442822,744493,18639220.62,772505.62,7292692.22997,Rain	
20150613,427841,747626,4357620.94,637059.61,6503531.05997,Cloud	
20150614,381879,664828,1265253.45,624830.52,6189343.03997,Cloud	
20150615,374716,619389,1168572.64,667066.93,6205023.90997,Shower	
20150615,374716,619389,1168572.64,667066.93,6205023.90997,Rain	
20150615,374716,619389,1168572.64,667066.93,6205023.90997,Cloud	
20150616,400383,659591,1184968.33,729035.54,6589468.99997,Rain	
20150616,400383,659591,1184968.33,729035.54,6589468.99997,Cloud	
20150617,425590,703933,1264316.99,788658.71,7112222.90997,Cloud	
20150618,429228,709033,1285158.89,792596.75,7153168.96997,Rain	
20150619,436146,733508,1335444.06,759059.83,7140177.87997,Rain	
20150620,413715,720129,1215364.33,620057.8,6272466.77997,Rain	
20150621,366024,637682,1515828.75,588874.15,5862454.35997,Rain	
20150621,366024,637682,1515828.75,588874.15,5862454.35997,Cloud	
20150622,374729,623190,1187020.47,658565.38,6185730.67997,Cloud	
20150623,405996,669939,1151066.42,705182.1,6482027.60997,Shower	
20150624,411219,682313,1225209.79,753043.32,6876706.67997,Cloud	
20150625,419587,696946,1260240.89,775869.89,7112455.58997,Cloud	
20150626,425612,716015,1276317.77,748272.76,7413406.15997,Rain	
20150627,445702,782633,1280791.44,684817.7,7000171.27997,Rain	
20150628,348290,605668,1157890.49,594286.31,5843486.79998,Rain	
20150628,348290,605668,1157890.49,594286.31,5843486.79998,Cloud	
20150629,359681,598951,1112689.25,617695.34,5891628.46998,Cloud	
20150630,374140,619905,1081098.98,644383.27,6017801.49997,Cloud	
20150701,389956,645347,2477672.08,670918.2,6265233.58997,Shower	
20150701,389956,645347,2477672.08,670918.2,6265233.58997,Rain	
20150701,389956,645347,2477672.08,670918.2,6265233.58997,Cloud	
20150702,365818,611665,1084660.16,617947.43,6114561.37997,Cloud	
20150703,304062,531420,4247770.53,427903.58,4547231.31998,Rain	
20150704,254260,457211,790211.87,328238.96,3765893.58999,Rain	
20150705,275450,485550,979316.83,436876.98,4515683.64998,Cloud	
20150706,315426,527511,9021058.87,528155.6,5129781.16998,Cloud	
20150707,367465,612746,1063425.76,620169.57,5836514.07998,Rain	
20150707,367465,612746,1063425.76,620169.57,5836514.07998,Cloud	
20150708,393049,656407,1119205.26,668062.07,6206699.52997,Rain	
20150709,405503,676646,4343022.87,702672.35,6510531.82997,Rain	
20150710,400847,676445,1191114.93,677915.55,6482156.31997,Rain	
20150710,400847,676445,1191114.93,677915.55,6482156.31997,Shower	
20150710,400847,676445,1191114.93,677915.55,6482156.31997,Cloud	
20150711,407041,719135,1187555.58,598706.46,6083331.32997,Cloud	
20150712,364085,637818,8006644.08,590547.47,5808486.84998,Cloud	
20150713,350033,582658,1775256.88,602202.07,5689005.95998,Cloud	
20150714,385452,642663,1111768.12,670531.48,6194005.85997,Cloud	
20150714,385452,642663,1111768.12,670531.48,6194005.85997,Rain	
20150715,404622,671543,1182142.99,731716.81,6652749.11997,Rain	
20150715,404622,671543,1182142.99,731716.81,6652749.11997,Shower	
20150715,404622,671543,1182142.99,731716.81,6652749.11997,Cloud	
20150716,399985,665058,1214965.04,737256.82,6789376.60997,Cloud	
20150717,364909,608979,1144853.68,639523.02,6100685.14998,Cloud	
20150718,403692,708434,1365161.15,596092.26,6105358.11997,Shower	
20150718,403692,708434,1365161.15,596092.26,6105358.11997,Rain	
20150719,395341,691724,6690198.61,627238.42,6233236.21997,Cloud	
20150720,374082,631053,1148605.26,640174.82,6087122.18998,Cloud	
20150721,374921,624618,1103015.54,664629.95,6155612.73998,Cloud	
20150722,391949,652772,1319305.26,712325.5,6564432.03997,Cloud	
20150723,403964,674099,1214677.36,732532.229,6737345.53997,Cloud	
20150724,403698,680820,1370479.7,693121.53,6620630.81997,Cloud	
20150725,386887,683612,9246438.32,571431.56,5961833.28997,Cloud	
20150726,349405,611600,1159248.75,558876.75,5605580.43998,Cloud	
20150727,348519,580980,1088332.04,601208.46,5724705.85998,Rain	
20150728,384096,645952,1108466.25,658907.4,6135170.82997,Cloud	
20150729,405794,677966,1164599.03,714661.01,6530606.70997,Cloud	
20150730,390703,654200,1147678.44,718323.41,6622378.20997,Shower	
20150730,390703,654200,1147678.44,718323.41,6622378.20997,Rain	
20150730,390703,654200,1147678.44,718323.41,6622378.20997,Cloud	
20150731,397653,674667,13447143.44,701684.68,6908215.76997,Cloud	
20150801,389549,687672,1185044.62,581760.52,6024175.95997,Cloud	
20150802,348383,611835,1465243.76,555725.01,5608479.12998,Cloud	
20150803,348698,585257,1083611.57,590950.38,5671022.15998,Cloud	
20150804,376331,630363,2103212.08,642401.71,6046382.84998,Shower	
20150804,376331,630363,2103212.08,642401.71,6046382.84998,Rain	
20150805,391542,655542,1157414.4,688174.26,6357402.86997,Cloud	
20150806,390837,656502,4493306.95,700684.7,6480378.47997,Cloud	
20150807,386787,655221,21288121.45,659631.51,6328574.29997,Cloud	
20150808,363422,641123,1155297.14,535920.65,5555954.83997,Cloud	
20150809,317494,558892,1093972.24,522687.78,5257544.45998,Cloud	
20150810,320895,538323,1026272.54,547976.56,5264920.43998,Cloud	
20150811,357099,595079,7836977.6,608048.93,5654856.96998,Rain	
20150811,357099,595079,7836977.6,608048.93,5654856.96998,Cloud	
20150812,370200,618983,2708784.04,652081.38,6103616.27998,Cloud	
20150813,380842,634847,1151177.66,683274.96,6335339.86997,Cloud	
20150814,377787,638489,1292911.01,650062.29,6273019.28997,Cloud	
20150815,370225,650009,1125849.03,549582.11,5720441.80998,Cloud	
20150816,335141,587016,1126620.2,536450.9,5412179.79998,Shower	
20150816,335141,587016,1126620.2,536450.9,5412179.79998,Rain	
20150817,338107,563796,7127700.21,572238.89,5505482.60998,Cloud	
20150818,370532,618380,4401716.13,624545.93,5907532.47998,Cloud	
20150819,380246,634518,1125517.74,659673.69,6160963.17998,Cloud	
20150820,388176,644989,1160375.75,678884.32,6375641.44997,Cloud	
20150821,380893,644390,10972167.82,648325.56,6296554.38997,Rain	
20150821,380893,644390,10972167.82,648325.56,6296554.38997,Cloud	
20150821,380893,644390,10972167.82,648325.56,6296554.38997,Shower	
20150822,357295,629147,1092069.58,523422.29,5496235.42998,Cloud	
20150823,316103,550826,1099522.06,511741.82,5186411.82998,Cloud	
20150824,317477,527305,3136961.2,533713.11,5172532.14998,Cloud	
20150825,346819,577873,2701589.74,583680.3,5531405.99998,Cloud	
20150826,356360,591881,2688753.16,617198.73,5773484.29998,Cloud	
20150827,368221,611296,1123515.04,649548.07,6184683.64997,Cloud	
20150828,366984,619081,1132728.9,616593.38,6014536.97998,Cloud	
20150829,358895,625900,1090200.64,526151.65,5523254.96998,Cloud	
20150830,332446,573904,1117052.9,527146.15,5358279.66998,Cloud	
20150831,322327,533598,1011989.59,540741.97,5198611.41998,Rain	
20150901,352649,581803,1046614.44,597165.21,5624833.08998,Cloud	
20150902,368218,609059,1084290.14,631517.94,5899769.59998,Cloud	
20150903,378158,627030,1277021.47,659526.6,6208359.08998,Cloud	
20150904,362083,611318,1137635.45,595008.74,5965901.16997,Cloud	
20150905,331487,584139,1032320.22,453665.12,5038357.67998,Cloud	
20150906,300845,532043,975232.54,417622.15,4696739.13998,Cloud	
20150907,284213,491998,1047642.06,477975.33,4773089.36998,Cloud	
20150908,374764,618460,1152781.21,663800.36,6349528.98998,Cloud	
20150909,396526,652015,7911115.07,731006.8,6704965.05997,Shower	
20150909,396526,652015,7911115.07,731006.8,6704965.05997,Rain	
20150910,401132,662051,6215147.31,761917.88,6980574.75997,Cloud	
20150910,401132,662051,6215147.31,761917.88,6980574.75997,Shower	
20150910,401132,662051,6215147.31,761917.88,6980574.75997,Rain	
20150911,411607,685272,1574117.85,760201.21,7091106.34997,Cloud	
20150911,411607,685272,1574117.85,760201.21,7091106.34997,Rain	
20150912,433706,753372,1253407.25,677139.4,6738443.54997,Rain	
20150912,433706,753372,1253407.25,677139.4,6738443.54997,Cloud	
20150913,382852,661207,1245164.36,634683.73,6174611.18997,Rain	
20150914,345748,577307,24768501.2,599601.59,5655488.38998,Cloud	
20150915,377529,626035,1854404.1,681381.35,6202613.84998,Cloud	
20150916,400284,661318,1195428.7,761635.92,6879329.08997,Cloud	
20150917,410767,677576,1256896.51,792335.07,7155109.44997,Cloud	
20150918,427988,714531,1304229.47,788503.87,7312630.08997,Cloud	
20150919,442352,768336,9290524.81,689607.48,6866486.65997,Cloud	
20150920,392892,680623,1305538.98,634142.9,6342116.87997,Cloud	
20150921,358943,589409,1122171.97,642165.56,5972209.36998,Cloud	
20150922,367664,603002,1057194.58,635544.58,5807784.74998,Cloud	
20150923,358463,599498,1055525.34,601346.86,5588733.40998,Cloud	
20150924,324631,529623,1028864.36,574347.25,5279073.05998,Cloud	
20150925,365043,615069,1120064.72,610767.79,5796780.29998,Cloud	
20150926,427180,747067,1249014.76,664985.85,6697210.29997,Cloud	
20150927,378431,650589,1295640.71,656282.91,6365212.76997,Cloud	
20150928,323149,533997,1119769.75,640293.34,6280784.65998,Cloud	
20150928,323149,533997,1119769.75,640293.34,6280784.65998,Rain	
20150929,360340,590913,1075359.87,681162.62,6107831.43998,Cloud	
20150929,360340,590913,1075359.87,681162.62,6107831.43998,Rain	
20150930,381221,628408,1146607.26,738222.22,6554730.07997,Rain	
20150930,381221,628408,1146607.26,738222.22,6554730.07997,Cloud	
20151001,393912,649412,4202762.3,763734.41,6867748.41997,Rain	
20151002,414118,688324,1197943.84,738221.85,6852423.12997,Rain	
20151002,414118,688324,1197943.84,738221.85,6852423.12997,Cloud	
20151003,412554,715003,2827131.99,617501.03,6046179.52997,Rain	
20151003,412554,715003,2827131.99,617501.03,6046179.52997,Cloud	
20151004,365059,627895,1188551.78,616949.26,5881976.11998,Cloud	
20151005,344640,566037,2410021.95,605107.02,5601586.70998,Cloud	
20151006,374126,613786,4109222.15,672054.43,6079157.30998,Cloud	
20151007,390832,640685,1176869.77,739337.14,6609062.62997,Cloud	
20151008,407423,672030,1244621.58,774795.34,6992671.92997,Cloud	
20151009,402468,669352,1238083.71,747428.56,6964941.21997,Rain	
20151009,402468,669352,1238083.71,747428.56,6964941.21997,Shower	
20151010,432513,754308,1286540.54,673349.82,6776104.09997,Cloud	
20151011,378102,656477,1261152.27,639171.8,6322641.17997,Cloud	
20151012,328283,549602,1107081.95,578612.51,5444422.04998,Cloud	
20151013,379338,622024,1154161.18,696162.99,6326091.76998,Rain	
20151014,392663,643842,1176100.53,736765.99,6601228.47997,Cloud	
20151015,407360,668897,4246208.37,782442.59,7015422.99997,Cloud	
20151016,430273,714409,1299068.86,788297.84,7273306.67997,Cloud	
20151017,459062,796393,1300832.28,706927.31,6981911.40996,Cloud	
20151018,400031,685669,1300938.7,677571.16,6521720.88997,Cloud	
20151019,366753,602366,1146401.18,664479.47,6080580.52998,Cloud	
20151020,377687,620165,1115966.71,692952.06,6271978.56998,Cloud	
20151021,389610,639706,1165222.8,747332.88,6685161.65997,Cloud	
20151022,410551,674447,2616109.51,781129.07,7026935.87997,Cloud	
20151023,428520,712747,1292135.05,781128.02,7244647.76997,Cloud	
20151024,436060,758621,4264336.48,684027.01,6984484.33997,Cloud	
20151025,390196,668528,1280308.1,660507.55,6326958.92997,Rain	
20151026,356806,586554,1115369.84,643478.45,5943178.75998,Cloud	
20151027,381609,625932,1103187.28,690303.29,6230416.99997,Cloud	
20151028,386818,635442,1094748.93,719472.73,6455991.21997,Rain	
20151028,386818,635442,1094748.93,719472.73,6455991.21997,Cloud	
20151029,403539,662294,1233792.46,784117.97,7064356.76997,Rain	
20151029,403539,662294,1233792.46,784117.97,7064356.76997,Cloud	
20151030,428623,715587,1278215.18,786996.03,7334929.82997,Cloud	
20151031,441384,769360,1320349.04,673488.88,6674155.82997,Cloud	
20151101,389952,682200,1320040.69,674894.29,6534124.55997,Cloud	
20151102,348445,569876,1403114.86,649603.16,5979641.58998,Cloud	
20151103,364893,597273,1077700.14,661160.1,5962753.87998,Cloud	
20151104,383958,628139,1127657.66,725825.95,6414361.27998,Cloud	
20151105,402030,659862,1731832.25,780216.02,6912909.59997,Dust	
20151105,402030,659862,1731832.25,780216.02,6912909.59997,Fog	
20151105,402030,659862,1731832.25,780216.02,6912909.59997,Rain	
20151105,402030,659862,1731832.25,780216.02,6912909.59997,Cloud	
20151106,419135,695722,13059678.95,769612.17,7065733.85997,Dust	
20151106,419135,695722,13059678.95,769612.17,7065733.85997,Fog	
20151106,419135,695722,13059678.95,769612.17,7065733.85997,Cloud	
20151107,443779,770675,1243849.97,695198.45,6753550.37997,Cloud	
20151108,392271,674477,4713002.18,683765.92,6404709.98997,Cloud	
20151109,352617,576839,17582896.13,663720.69,5920400.06998,Cloud	
20151110,377920,614450,4470004.89,718401.8,6326400.98998,Rain	
20151110,377920,614450,4470004.89,718401.8,6326400.98998,Cloud	
20151111,371864,607504,1116817.17,722764.61,6279486.25998,Rain	
20151111,371864,607504,1116817.17,722764.61,6279486.25998,Cloud	
20151112,406506,663052,7907332.19,785520.98,6918224.05997,Rain	
20151113,427560,708079,1260419.87,790255.66,7123843.83997,Cloud	
20151114,446808,772365,1251785.06,711660.02,6839381.19997,Cloud	
20151115,381064,653716,1284598.66,675000.41,6294490.81998,Cloud	
20151116,347485,562605,1118929.25,664407.82,5894900.97998,Cloud	
20151117,384348,621498,1114185.35,731846.0,6348273.28998,Cloud	
20151118,391174,633660,1144967.55,766934.0,6614465.31997,Cloud	
20151119,394465,644356,1156797.74,785260.27,6841678.22997,Rain	
20151119,394465,644356,1156797.74,785260.27,6841678.22997,Cloud	
20151120,422243,698271,1302272.02,812347.04,7274058.39997,Cloud	
20151120,422243,698271,1302272.02,812347.04,7274058.39997,Rain	
20151121,439120,758401,1238704.41,691848.23,6632633.11997,Cloud	
20151122,376451,643862,13169001.9,612381.91,5851890.13998,Cloud	
20151123,365895,599773,1018426.66,607420.61,5674515.95998,Cloud	
20151124,377808,616511,2413934.27,666900.77,6139120.11998,Cloud	
20151125,358566,603502,200026441.14,592069.38,5972577.44998,Cloud	
20151126,242300,424810,4980021.19,344899.11,3710509.74999,Cloud	
20151127,274992,482497,2415199.36,351572.71,3938273.28999,Cloud	
20151127,274992,482497,2415199.36,351572.71,3938273.28999,Dust	
20151128,344375,607841,6197171.86,497950.48,5198216.02998,Rain	
20151129,333611,572723,1138423.95,570735.48,5499499.49998,Rain	
20151130,346889,564643,4456807.85,654570.43,5883035.72998,Cloud	
20151201,374271,610224,1107849.88,707678.05,6283048.35998,Cloud	
20151201,374271,610224,1107849.88,707678.05,6283048.35998,Rain	
20151202,379613,617369,1118904.19,739745.39,6419731.15998,Dust	
20151202,379613,617369,1118904.19,739745.39,6419731.15998,Rain	
20151202,379613,617369,1118904.19,739745.39,6419731.15998,Cloud	
20151203,413849,677666,2799122.83,803494.63,7107756.16997,Dust	
20151203,413849,677666,2799122.83,803494.63,7107756.16997,Rain	
20151203,413849,677666,2799122.83,803494.63,7107756.16997,Cloud	
20151204,430848,713437,1284891.7,803958.56,7269984.14997,Cloud	
20151205,450914,779816,24454454.88,712537.17,6901631.36997,Cloud	
20151206,398736,682629,1275259.81,689469.62,6424171.90997,Cloud	
20151207,371565,607203,1136548.48,694923.0,6195409.13998,Cloud	
20151208,382087,623684,2783505.57,751698.16,6501775.22998,Cloud	
20151209,391297,639368,1162625.18,790789.56,6799585.54997,Cloud	
20151210,406019,665686,1231768.05,828124.09,7183634.08997,Cloud	
20151211,427655,711317,1287650.58,833085.34,7452657.04997,Dust	
20151211,427655,711317,1287650.58,833085.34,7452657.04997,Cloud	
20151212,439067,758480,1232845.84,732074.43,7036637.33997,Cloud	
20151213,376915,649030,1217041.01,667437.56,6287441.24997,Cloud	
20151214,370171,604484,1089254.51,669984.18,5946520.17998,Fog	
20151214,370171,604484,1089254.51,669984.18,5946520.17998,Dust	
20151214,370171,604484,1089254.51,669984.18,5946520.17998,Rain	
20151214,370171,604484,1089254.51,669984.18,5946520.17998,Cloud	
20151215,396814,647023,1193015.73,749778.07,6517052.39997,Rain	
20151215,396814,647023,1193015.73,749778.07,6517052.39997,Cloud	
20151216,417481,683304,1206614.85,801616.27,6902499.19997,Cloud	
20151217,418356,687449,1232992.75,829883.56,7173510.05997,Rain	
20151217,418356,687449,1232992.75,829883.56,7173510.05997,Cloud	
20151218,458535,761213,1346411.14,851694.75,7612442.29997,Rain	
20151218,458535,761213,1346411.14,851694.75,7612442.29997,Cloud	
20151219,460790,798684,1295501.24,730731.64,6980762.98997,Cloud	
20151220,384980,668507,1154451.45,610663.27,5895915.18998,Cloud	
20151221,347147,574326,993879.18,562217.56,5368075.16998,Cloud	
20151222,355091,591560,1002911.14,589265.59,5606449.82998,Cloud	
20151222,355091,591560,1002911.14,589265.59,5606449.82998,Rain	
20151223,339198,569811,979467.53,552233.23,5414970.77998,Dust	
20151223,339198,569811,979467.53,552233.23,5414970.77998,Fog	
20151223,339198,569811,979467.53,552233.23,5414970.77998,Rain	
20151223,339198,569811,979467.53,552233.23,5414970.77998,Cloud	
20151224,297041,510557,858290.54,409284.66,4371383.74998,Dust	
20151224,297041,510557,858290.54,409284.66,4371383.74998,Rain	
20151224,297041,510557,858290.54,409284.66,4371383.74998,Cloud	
20151225,188167,335984,630930.69,248839.84,2943148.72,Rain	
20151225,188167,335984,630930.69,248839.84,2943148.72,Cloud	
20151225,188167,335984,630930.69,248839.84,2943148.72,Fog	
20151225,188167,335984,630930.69,248839.84,2943148.72,Dust	
20151226,238544,427058,737625.0,312731.55,3659286.19999,Fog	
20151226,238544,427058,737625.0,312731.55,3659286.19999,Rain	
20151226,238544,427058,737625.0,312731.55,3659286.19999,Dust	
20151226,238544,427058,737625.0,312731.55,3659286.19999,Cloud	
20151227,268714,477587,919602.1,405851.22,6098780.11998,Cloud	
20151227,268714,477587,919602.1,405851.22,6098780.11998,Dust	
20151227,268714,477587,919602.1,405851.22,6098780.11998,Rain	
20151228,301283,523580,1055107.8,442450.36,4772850.85998,Snow	
20151228,301283,523580,1055107.8,442450.36,4772850.85998,Rain	
20151229,311623,537587,931985.14,458649.68,4852500.95998,Rain	
20151229,311623,537587,931985.14,458649.68,4852500.95998,Cloud	
20151229,311623,537587,931985.14,458649.68,4852500.95998,Snow	
20151230,319509,553778,975093.28,502904.45,5265792.25998,Cloud	
20151231,339792,591469,985845.32,480732.4,4993607.39998,Rain	
20151231,339792,591469,985845.32,480732.4,4993607.39998,Cloud	
